1.000000000000000048e-04 4.018850544603550361e+02
1.013925407558815140e-04 4.072816208320487021e+02
1.028044732093309326e-04 4.127505785691504343e+02
1.042360673976401586e-04 4.182928954679825324e+02
1.056875971184804134e-04 4.239095519645637182e+02
1.071593399822671198e-04 4.296015414893977891e+02
1.086515774652538243e-04 4.353698706638521685e+02
1.101645949633656677e-04 4.412155594737052411e+02
1.116986818467823099e-04 4.471396414449338863e+02
1.132541315152811926e-04 4.531431638217396198e+02
1.148312414543511408e-04 4.592271876597754385e+02
1.164303132920876613e-04 4.653927878118318517e+02
1.180516528568805070e-04 4.716410533214272505e+02
1.196955702359043383e-04 4.779730876625131373e+02
1.213623798344240940e-04 4.843900089286437947e+02
1.230524004359261851e-04 4.908929500245638451e+02
1.247659552630869643e-04 4.974830588602655439e+02
1.265033720395903564e-04 5.041614984769921080e+02
1.282649830528060730e-04 5.109294469403122889e+02
1.300511252173408962e-04 5.177880977717462656e+02
1.318621401394749000e-04 5.247386602683291130e+02
1.336983741824946607e-04 5.317823597085401843e+02
1.355601785329368708e-04 5.389204375607997690e+02
1.374479092677537422e-04 5.461541516946800812e+02
1.393619274224142384e-04 5.534847765840834199e+02
1.413025990599533870e-04 5.609136034381813261e+02
1.432702953409830901e-04 5.684419404609003550e+02
1.452653925946781202e-04 5.760711131203622699e+02
1.472882723907502584e-04 5.838024643741010777e+02
1.493393216124252641e-04 5.916373548967183069e+02
1.514189325304352289e-04 5.995771633104150169e+02
1.535275028780423039e-04 6.076232862692327217e+02
1.556654359271061883e-04 6.157771363740131392e+02
1.578331405652117511e-04 6.240401427123906615e+02
1.600310313738700951e-04 6.324137529578670183e+02
1.622595287078087544e-04 6.408994336634756337e+02
1.645190587753662622e-04 6.494986705017735176e+02
1.668100537200059119e-04 6.582129685077745762e+02
1.691329517029648141e-04 6.670438523782294169e+02
1.714881969870539968e-04 6.759928686249156726e+02
1.738762400216251069e-04 6.850615864667782944e+02
1.762975375287205730e-04 6.942515958924961978e+02
1.787525525904235457e-04 7.035645077750108385e+02
1.812417547374237168e-04 7.130019541414841342e+02
1.837656200388171780e-04 7.225655884467024634e+02
1.863246311931560377e-04 7.322570858265660263e+02
1.889192776207666651e-04 7.420781404219433171e+02
1.915500555573527931e-04 7.520304625543852808e+02
1.942174681489025926e-04 7.621157839178854374e+02
1.969220255479172527e-04 7.723358585156279332e+02
1.996642450109794187e-04 7.826924629369540298e+02
2.024446509976804062e-04 7.931873966375476357e+02
2.052637752709252192e-04 8.038224822230999962e+02
2.081221569986338850e-04 8.145995661591384760e+02
2.110203428568595708e-04 8.255205200141284649e+02
2.139588871343422647e-04 8.365872397428654494e+02
2.169383518385184864e-04 8.478016457311983913e+02
2.199593068030074642e-04 8.591656831002366062e+02
2.230223297965938363e-04 8.706813220142086038e+02
2.261280066337278559e-04 8.823505579918679587e+02
2.292769312865649731e-04 8.941754117423120078e+02
2.324697059985648528e-04 9.061579274116999159e+02
2.357069413996728115e-04 9.183001744661321482e+02
2.389892566231049801e-04 9.306042487971010360e+02
2.423172794237599863e-04 9.430722730451417419e+02
2.456916462982791389e-04 9.557063969267865104e+02
2.491130026067789132e-04 9.685087975652678551e+02
2.525820026962784779e-04 9.814816792670192171e+02
2.560993100258459536e-04 9.946272694076744756e+02
2.596655972934871462e-04 1.007947820862477556e+03
2.632815465648021274e-04 1.021445614803371768e+03
2.669478494034321567e-04 1.035122961055713404e+03
2.706652070033241614e-04 1.048982198436958925e+03
2.744343303228365160e-04 1.063025695098946244e+03
2.782559402207125773e-04 1.077255848788094227e+03
2.821307675939471824e-04 1.091675085865343362e+03
2.860595535175742979e-04 1.106285861834474872e+03
2.900430493863991868e-04 1.121090662760746000e+03
2.940820170587063703e-04 1.136092005659106917e+03
2.981772290019672929e-04 1.151292438854007059e+03
3.023294684405778299e-04 1.166694542342755085e+03
3.065395295056528528e-04 1.182300928075099819e+03
3.108082173869064187e-04 1.198114237211929776e+03
3.151363484866478906e-04 1.214137139463248559e+03
3.195247505759213065e-04 1.230372337044035248e+03
3.239742629528197140e-04 1.246822565290343846e+03
3.284857366030045000e-04 1.263490593031730668e+03
3.330600343624589362e-04 1.280379222967218766e+03
3.376980310825091706e-04 1.297491292018890817e+03
3.424006137971424813e-04 1.314829668435860185e+03
3.471686818926561307e-04 1.332397248749571872e+03
3.520031472796680458e-04 1.350196963595114539e+03
3.569049345675230438e-04 1.368231778818362272e+03
3.618749812411281032e-04 1.386504695854476722e+03
3.669142378402493712e-04 1.405018752109701154e+03
3.720236681413068469e-04 1.423777021345293406e+03
3.772042493416998639e-04 1.442782611404646786e+03
3.824569722467000173e-04 1.462038658632011220e+03
3.877828414589457430e-04 1.481548334612907638e+03
3.931828755705769830e-04 1.501314848151815568e+03
3.986581073580441436e-04 1.521341445650389687e+03
4.042095839796308121e-04 1.541631411488574940e+03
4.098383671757263353e-04 1.562188068408303025e+03
4.155455334718876704e-04 1.583014776441303184e+03
4.213321743847288359e-04 1.604114927012911949e+03
4.271993966306779681e-04 1.625491948078377845e+03
4.331483223376400397e-04 1.647149306877304980e+03
4.391800892596087712e-04 1.669090510311434400e+03
4.452958509942656269e-04 1.691319105323420217e+03
4.514967772036102413e-04 1.713838679277865140e+03
4.577840538376621183e-04 1.736652859425986662e+03
4.641588833612779485e-04 1.759765305985725035e+03
4.706224849841283454e-04 1.783179715969943118e+03
4.771760948938747133e-04 1.806899827591776784e+03
4.838209664925957392e-04 1.830929420667604290e+03
4.905583706365049821e-04 1.855272316986374108e+03
4.973895958790066100e-04 1.879932380680404094e+03
5.043159487171361812e-04 1.904913517719645142e+03
5.113387538414327065e-04 1.930219662734667054e+03
5.184593543892913273e-04 1.955854781207269752e+03
5.256791122018423601e-04 1.981822880650596517e+03
5.329994080844091845e-04 2.008128011264715042e+03
5.404216420705918117e-04 2.034774266266322002e+03
5.479472336900288254e-04 2.061765782218303684e+03
5.555776222398878944e-04 2.089106739186568575e+03
5.633142670601355966e-04 2.116801354965519295e+03
5.711586478126432593e-04 2.144853883395021512e+03
5.791122647641761944e-04 2.173268621696078299e+03
5.871766390733257433e-04 2.202049911256021460e+03
5.953533130814371490e-04 2.231202137930451954e+03
6.036438506075870319e-04 2.260729732344024796e+03
6.120498372476702083e-04 2.290637170111424894e+03
6.205728806776503875e-04 2.320928962358369063e+03
6.292146109610345954e-04 2.351609645838345386e+03
6.379766808606283533e-04 2.382683799401903798e+03
6.468607661546326533e-04 2.414156046408255406e+03
6.558685659571433357e-04 2.446031054962152211e+03
6.650018030431122844e-04 2.478313538147843246e+03
6.742622241778345156e-04 2.511008254257206318e+03
6.836516004510239351e-04 2.544120000815086769e+03
6.931717276155407569e-04 2.577653600938596810e+03
7.028244264308352012e-04 2.611613918332570393e+03
7.126115430111750176e-04 2.646005861172833193e+03
7.225349491787216687e-04 2.680834382267968522e+03
7.325965428215232625e-04 2.716104479216047366e+03
7.427982482564918871e-04 2.751821194556066530e+03
7.531420165974375561e-04 2.787989610515881395e+03
7.636298261282247922e-04 2.824614825974177620e+03
7.742636826811275267e-04 2.861701974151744707e+03
7.850456200204512704e-04 2.899256231436313556e+03
7.959777002314984487e-04 2.937282817437398080e+03
8.070620141149505199e-04 2.975786995028798174e+03
8.183006815867394090e-04 3.014774070383167782e+03
8.296958520834909817e-04 3.054249389683992376e+03
8.412497049736120070e-04 3.094218312872595561e+03
8.529644499741024675e-04 3.134686226102730416e+03
8.648423275731724697e-04 3.175658556172202225e+03
8.768856094587433375e-04 3.217140770559360590e+03
8.890965989529162625e-04 3.259138377323703480e+03
9.014776314524921034e-04 3.301656924995398185e+03
9.140310748756234329e-04 3.344702000265536299e+03
9.267593301146883874e-04 3.388279194217402164e+03
9.396648314954700191e-04 3.432394106798251869e+03
9.527500472427297314e-04 3.477052373461109710e+03
9.660174799522646761e-04 3.522259665688857694e+03
9.794696670695395360e-04 3.568021690699301871e+03
9.931091813749799713e-04 3.614344191134880930e+03
1.006938631476027909e-03 3.661232943630350292e+03
1.020960662306047038e-03 3.708693719574111583e+03
1.035177955630176743e-03 3.756732272099304737e+03
1.049593230558228032e-03 3.805354380335984843e+03
1.064209244064724799e-03 3.854565851929676228e+03
1.079028791516184515e-03 3.904372522481317901e+03
1.094054707205743306e-03 3.954780254967051860e+03
1.109289864895223431e-03 4.005794938914687009e+03
1.124737178364752441e-03 4.057422462264184560e+03
1.140399601970033339e-03 4.109668682254079613e+03
1.156280131207376759e-03 4.162539470262665418e+03
1.172381803286599031e-03 4.216040717071259678e+03
1.188707697711903662e-03 4.270178332016820605e+03
1.205260936870842722e-03 4.324958242119727402e+03
1.222044686631488684e-03 4.380386391175446079e+03
1.239062156947916661e-03 4.436468713226173350e+03
1.256316602474120882e-03 4.493211074641199957e+03
1.273811323186479225e-03 4.550619334149943825e+03
1.291549665014884432e-03 4.608699356935940159e+03
1.309535020482667771e-03 4.667457013421490956e+03
1.327770829355430287e-03 4.726898178022148386e+03
1.346260579298910872e-03 4.787028727870490002e+03
1.365007806546014767e-03 4.847854526058842566e+03
1.384016096573132152e-03 4.909381354228900818e+03
1.403289084785873690e-03 4.971614961527878222e+03
1.422830457214353111e-03 5.034561088018644114e+03
1.442643951218158241e-03 5.098225463078309986e+03
1.462733356201130572e-03 5.162613803749109138e+03
1.483102514336104771e-03 5.227731813054343547e+03
1.503755321299738400e-03 5.293585165845400297e+03
1.524695727017574354e-03 5.360179408884340774e+03
1.545927736419478241e-03 5.427520005974807646e+03
1.567455410205595987e-03 5.495612390092808710e+03
1.589282865622978699e-03 5.564461961729419272e+03
1.611414277253020270e-03 5.634074086730613089e+03
1.633853877809862123e-03 5.704454094096594417e+03
1.656605958949915148e-03 5.775607269519201509e+03
1.679674872092654526e-03 5.847538788480544099e+03
1.703065029252845289e-03 5.920253723120744326e+03
1.726780903884356710e-03 5.993757091400325407e+03
1.750827031735724881e-03 6.068053856056515542e+03
1.775208011717635667e-03 6.143148921979421175e+03
1.799928506782477646e-03 6.219047133545333963e+03
1.824993244816153042e-03 6.295753268947853940e+03
1.850407019542302765e-03 6.373271934017896456e+03
1.876174691439121437e-03 6.451607526442570816e+03
1.902301188668945823e-03 6.530764351703545799e+03
1.928791508020779319e-03 6.610746627973993782e+03
1.955650715865950035e-03 6.691558482868611463e+03
1.982883949127072030e-03 6.773203950148846161e+03
2.010496416260499231e-03 6.855686965986332325e+03
2.038493398252464589e-03 6.939011316985566737e+03
2.066880249629084003e-03 7.023180586914215382e+03
2.095662399480434715e-03 7.108198233700749370e+03
2.124845352498883153e-03 7.194067596439138470e+03
2.154434690031884272e-03 7.280791891640616086e+03
2.184436071149428032e-03 7.368374209442566098e+03
2.214855233726360697e-03 7.456817509754170715e+03
2.245697995539774807e-03 7.546124570390332337e+03
2.276970255381680769e-03 7.636297877034169687e+03
2.308677994187169954e-03 7.727339733893038101e+03
2.340827276178294395e-03 7.819252287985885232e+03
2.373424250023868209e-03 7.912037524849826696e+03
2.406475150015425796e-03 8.005697264208612069e+03
2.439986297259551500e-03 8.100233155605071261e+03
2.473964100886815332e-03 8.195646649712080034e+03
2.508415059277541593e-03 8.291938890562394590e+03
2.543345761304651072e-03 8.389110790551547325e+03
2.578762887593801911e-03 8.487163064895697971e+03
2.614673211801092807e-03 8.586096226919396941e+03
2.651083601908539329e-03 8.685910583298300480e+03
2.688001021537607393e-03 8.786606229275892474e+03
2.725432531281029875e-03 8.888183024749861943e+03
2.763385290053171732e-03 8.990640439307284396e+03
2.801866556459196942e-03 9.093977620238554664e+03
2.840883690183304815e-03 9.198193470477537630e+03
2.880444153396298501e-03 9.303286644158291892e+03
2.920555512182748063e-03 9.409255541457150684e+03
2.961225437988036953e-03 9.516098303427157589e+03
3.002461709085551232e-03 9.623812797980961477e+03
3.044272212064304262e-03 9.732396480008788785e+03
3.086664943337275296e-03 9.841846406450626091e+03
3.129648010670752975e-03 9.952159338890591243e+03
3.173229634734978186e-03 1.006333174134430556e+04
3.217418150676373389e-03 1.017535977486709635e+04
3.262222009711670222e-03 1.028823929217706063e+04
3.307649780744242873e-03 1.040196582800996657e+04
3.353710152002931707e-03 1.051653444487986053e+04
3.400411932703708857e-03 1.063193968174306792e+04
3.447764054734466389e-03 1.074817572034477234e+04
3.495775574363277002e-03 1.086523639132512835e+04
3.544455673970436059e-03 1.098311516873763685e+04
3.593813663804629709e-03 1.110180516461469233e+04
3.643858983763547874e-03 1.122129912217693163e+04
3.694601205199305512e-03 1.134158923978137864e+04
3.746050032748995690e-03 1.146266699278246597e+04
3.798215306190737880e-03 1.158452341228821570e+04
3.851107002325571908e-03 1.170714911721418503e+04
3.904735236885562705e-03 1.183053430887841932e+04
3.959110266468461072e-03 1.195466876568960106e+04
4.014242490499323780e-03 1.207954183788259070e+04
4.070142453219439960e-03 1.220514232925844408e+04
4.126820845702956243e-03 1.233145824414364142e+04
4.184288507901584055e-03 1.245847705431422037e+04
4.242556430717780644e-03 1.258618576111056245e+04
4.301635758106797658e-03 1.271457089052335323e+04
4.361537789208007505e-03 1.284361848843028019e+04
4.422273980505902168e-03 1.297331411598946397e+04
4.483855948021191196e-03 1.310364278779366032e+04
4.546295469532403953e-03 1.323458872503522070e+04
4.609604486828437590e-03 1.336613554101372574e+04
4.673795107992464483e-03 1.349826632944822632e+04
4.738879609717656233e-03 1.363096366062602829e+04
4.804870439655132761e-03 1.376420957772567454e+04
4.871780218794634354e-03 1.389798559336417748e+04
4.939621743878323465e-03 1.403227254501697098e+04
5.008407989848214122e-03 1.416704948824594976e+04
5.078152112327677381e-03 1.430229424293252123e+04
5.148867450137497269e-03 1.443798400399531420e+04
5.220567527846980277e-03 1.457409534374101349e+04
5.293266058360565109e-03 1.471060420942147357e+04
5.366976945540479112e-03 1.484748592114564053e+04
5.441714286865895027e-03 1.498471527903097194e+04
5.517492376129130155e-03 1.512226820946687621e+04
5.594325706169384071e-03 1.526012149519750164e+04
5.672228971644548319e-03 1.539825144730438296e+04
5.751217071841618032e-03 1.553663386660714787e+04
5.831305113526227650e-03 1.567524404433323616e+04
5.912508413831883171e-03 1.581405676310135459e+04
5.994842503189416576e-03 1.595304615341044337e+04
6.078323128297236609e-03 1.609218070318140417e+04
6.162966255132947511e-03 1.623142179255971132e+04
6.248788072006893415e-03 1.637072949340733430e+04
6.335804992658252040e-03 1.651006296141566054e+04
6.424033659394194629e-03 1.664938043939077761e+04
6.513490946272805157e-03 1.678863926144240395e+04
6.604193962330306977e-03 1.692779587553665260e+04
6.696160054853222271e-03 1.706680793866575550e+04
6.789406812696112230e-03 1.720563639847824015e+04
6.883952069645501645e-03 1.734424199615953330e+04
6.979813907830663584e-03 1.748258481492817737e+04
7.077010661181892121e-03 1.762062428868128336e+04
7.175560918936930120e-03 1.775831921134728327e+04
7.275483529196232965e-03 1.789562774700454611e+04
7.376797602527737814e-03 1.803250754524429794e+04
7.479522515621827086e-03 1.816891597906014067e+04
7.583677914997194805e-03 1.830480990310476045e+04
7.689283720758317495e-03 1.844014560445641473e+04
7.796360130405239133e-03 1.857487881622757413e+04
7.904927622696429970e-03 1.870896473191155746e+04
8.015006961565412230e-03 1.884235802047888865e+04
8.126619200091951545e-03 1.897501174325954344e+04
8.239785684528525347e-03 1.910687277177448414e+04
8.354528058382876612e-03 1.923788549558155864e+04
8.470868266557412748e-03 1.936799361523417247e+04
8.588828559546259761e-03 1.949714016640571936e+04
8.708431497690733228e-03 1.962526754447639541e+04
8.829699955494098654e-03 1.975231753037166709e+04
8.952657125996407034e-03 1.987823106928277411e+04
9.077326525210236557e-03 2.000294637611490907e+04
9.203731996618232103e-03 2.012639995959330918e+04
9.331897715733242227e-03 2.024852773574899402e+04
9.461848194722004279e-03 2.036926507153738930e+04
9.593608287093146128e-03 2.048854682101057915e+04
9.727203192450545322e-03 2.060630736297904878e+04
9.862658461312826322e-03 2.072248051843917710e+04
1.000000000000000541e-02 2.083699776470160214e+04
1.013925407558815585e-02 2.094978861421153852e+04
1.028044732093309939e-02 2.106078214921919425e+04
1.042360673976402106e-02 2.116990711339455083e+04
1.056875971184804801e-02 2.127709196184765824e+04
1.071593399822671870e-02 2.138226491280574555e+04
1.086515774652539040e-02 2.148535395033473105e+04
1.101645949633657355e-02 2.158628515153222179e+04
1.116986818467823918e-02 2.168498227778126602e+04
1.132541315152812630e-02 2.178136886781752401e+04
1.148312414543512135e-02 2.187536843725401923e+04
1.164303132920877643e-02 2.196690454457578016e+04
1.180516528568806116e-02 2.205590085885778171e+04
1.196955702359044429e-02 2.214228120704035246e+04
1.213623798344241889e-02 2.222596702880467637e+04
1.230524004359262978e-02 2.230687493266396268e+04
1.247659552630870847e-02 2.238492123162640928e+04
1.265033720395904691e-02 2.246002260742601720e+04
1.282649830528061717e-02 2.253209619907783417e+04
1.300511252173410306e-02 2.260105969330755397e+04
1.318621401394750106e-02 2.266683141617842921e+04
1.336983741824948092e-02 2.272932921418724436e+04
1.355601785329370139e-02 2.278846797641587546e+04
1.374479092677537845e-02 2.284416273905222988e+04
1.393619274224143154e-02 2.289632951626703289e+04
1.413025990599534217e-02 2.294488540903708781e+04
1.432702953409831573e-02 2.298974871546989380e+04
1.452653925946781333e-02 2.303083904248354156e+04
1.472882723907503397e-02 2.306807649515477533e+04
1.493393216124253367e-02 2.310137798429103350e+04
1.514189325304353233e-02 2.313066053681280391e+04
1.535275028780423712e-02 2.315584292065254340e+04
1.556654359271062750e-02 2.317684577449261633e+04
1.578331405652118324e-02 2.319359173763000581e+04
1.600310313738701959e-02 2.320600558038198142e+04
1.622595287078088672e-02 2.321401398720188809e+04
1.645190587753663988e-02 2.321754303157244067e+04
1.668100537200060268e-02 2.321651977432492640e+04
1.691329517029649399e-02 2.321087392634890784e+04
1.714881969870541215e-02 2.320053800047388359e+04
1.738762400216252446e-02 2.318544745023326323e+04
1.762975375287207519e-02 2.316554080762057129e+04
1.787525525904236703e-02 2.314075976589575293e+04
1.812417547374238838e-02 2.311104851957364372e+04
1.837656200388173081e-02 2.307635407393168134e+04
1.863246311931562177e-02 2.303662704069655229e+04
1.889192776207668581e-02 2.299182178859799387e+04
1.915500555573529731e-02 2.294189657205028561e+04
1.942174681489028040e-02 2.288681365661457312e+04
1.969220255479174619e-02 2.282653950383986376e+04
1.996642450109796518e-02 2.276104700995396706e+04
2.024446509976804767e-02 2.269031609754522651e+04
2.052637752709252777e-02 2.261433125965539512e+04
2.081221569986339490e-02 2.253308148420750513e+04
2.110203428568596315e-02 2.244656034094210554e+04
2.139588871343423362e-02 2.235476606270393313e+04
2.169383518385185894e-02 2.225770166512227297e+04
2.199593068030075704e-02 2.215538017297956685e+04
2.230223297965939350e-02 2.204782936076469559e+04
2.261280066337280001e-02 2.193508274113682637e+04
2.292769312865651152e-02 2.181717842277300588e+04
2.324697059985649655e-02 2.169415911389917892e+04
2.357069413996729437e-02 2.156607211890822146e+04
2.389892566231051341e-02 2.143296933151427220e+04
2.423172794237601554e-02 2.129491428712835477e+04
2.456916462982793037e-02 2.115199661846757590e+04
2.491130026067790715e-02 2.100431382050875618e+04
2.525820026962786666e-02 2.085196686237282120e+04
2.560993100258460858e-02 2.069506007018629680e+04
2.596655972934874129e-02 2.053370100559808270e+04
2.632815465648023420e-02 2.036800034014979246e+04
2.669478494034323995e-02 2.019807865297058379e+04
2.706652070033243804e-02 2.002409412524011350e+04
2.744343303228367892e-02 1.984621717103436094e+04
2.782559402207127747e-02 1.966461880044565987e+04
2.821307675939475207e-02 1.947947037890279898e+04
2.860595535175745538e-02 1.929094339629460956e+04
2.900430493863995207e-02 1.909920924156294859e+04
2.940820170587067281e-02 1.890444465238312114e+04
2.981772290019675878e-02 1.870687392468567123e+04
3.023294684405779253e-02 1.850674270941987561e+04
3.065395295056528788e-02 1.830429245632340826e+04
3.108082173869065878e-02 1.809975993096539969e+04
3.151363484866480380e-02 1.789337695727155005e+04
3.195247505759214041e-02 1.768537018330573846e+04
3.239742629528198636e-02 1.747596364288949189e+04
3.284857366030046605e-02 1.726541891681227207e+04
3.330600343624590814e-02 1.705402366230958432e+04
3.376980310825093007e-02 1.684205661570274606e+04
3.424006137971426916e-02 1.662978647024456950e+04
3.471686818926563584e-02 1.641747177764167645e+04
3.520031472796682909e-02 1.620536088845722406e+04
3.569049345675233409e-02 1.599369343752672648e+04
3.618749812411282962e-02 1.578275032772684062e+04
3.669142378402496379e-02 1.557286217178311381e+04
3.720236681413071483e-02 1.536434716075021606e+04
3.772042493417002845e-02 1.515750726507427862e+04
3.824569722467003469e-02 1.495262852079663571e+04
3.877828414589461203e-02 1.474998137210641653e+04
3.931828755705773365e-02 1.454982085092160560e+04
3.986581073580445361e-02 1.435236255729330878e+04
4.042095839796312068e-02 1.415776232343328593e+04
4.098383671757267060e-02 1.396616080398848499e+04
4.155455334718879956e-02 1.377768938893495397e+04
4.213321743847293216e-02 1.359247058662912059e+04
4.271993966306784907e-02 1.341061841661152903e+04
4.331483223376405428e-02 1.323223883548201411e+04
4.391800892596092742e-02 1.305747828247143843e+04
4.452958509942657461e-02 1.288662014977189392e+04
4.514967772036103388e-02 1.271995885435027049e+04
4.577840538376621443e-02 1.255777159752435728e+04
4.641588833612782239e-02 1.240031956084913691e+04
4.706224849841285363e-02 1.224784915352620374e+04
4.771760948938748997e-02 1.210059261756705564e+04
4.838209664925959691e-02 1.195861657813000784e+04
4.905583706365052032e-02 1.182164065030700294e+04
4.973895958790068572e-02 1.168935002632935175e+04
5.043159487171363503e-02 1.156144340324099176e+04
5.113387538414330274e-02 1.143763210280127169e+04
5.184593543892916656e-02 1.131763926228683522e+04
5.256791122018427548e-02 1.120119804969546385e+04
5.329994080844094317e-02 1.108804654443581785e+04
5.404216420705922064e-02 1.097793102984453435e+04
5.479472336900292201e-02 1.087060729965044993e+04
5.555776222398882414e-02 1.076584012269912455e+04
5.633142670601361257e-02 1.066340272270915375e+04
5.711586478126437494e-02 1.056304552767829045e+04
5.791122647641766541e-02 1.046444095851451675e+04
5.871766390733262203e-02 1.036725789886040184e+04
5.953533130814376434e-02 1.027117697714770475e+04
6.036438506075875871e-02 1.017589019612870106e+04
6.120498372476707027e-02 1.008108601570049541e+04
6.205728806776510814e-02 9.986340881872691170e+03
6.292146109610353977e-02 9.891185464993837741e+03
6.379766808606290862e-02 9.795168467786490510e+03
6.468607661546334209e-02 9.697857405335909789e+03
6.558685659571442117e-02 9.598821112141700723e+03
6.650018030431124882e-02 9.497503171812613800e+03
6.742622241778346848e-02 9.393304365709740523e+03
6.836516004510241606e-02 9.285657719798700782e+03
6.931717276155409391e-02 9.174031103118437386e+03
7.028244264308354528e-02 9.057973175861952768e+03
7.126115430111752691e-02 8.937197566415507026e+03
7.225349491787221023e-02 8.811473858612558615e+03
7.325965428215235054e-02 8.680604900781903780e+03
7.427982482564922384e-02 8.544448531799522243e+03
7.531420165974378467e-02 8.403089406915700238e+03
7.636298261282251088e-02 8.256741442754890159e+03
7.742636826811277739e-02 8.105635292401094375e+03
7.850456200204515567e-02 7.950029680651463423e+03
7.959777002314992467e-02 7.790403584893798325e+03
8.070620141149512095e-02 7.627393531858022470e+03
8.183006815867401029e-02 7.461619130333723660e+03
8.296958520834916972e-02 7.293688634332260335e+03
8.412497049736128441e-02 7.124323568800004068e+03
8.529644499741033392e-02 6.954289890089114124e+03
8.648423275731732807e-02 6.784302939807396797e+03
8.768856094587440531e-02 6.615054279720856357e+03
8.890965989529171776e-02 6.447305009783736750e+03
9.014776314524929057e-02 6.281782134472778125e+03
9.140310748756241832e-02 6.119146573363574134e+03
9.267593301146892504e-02 5.960102976585247234e+03
9.396648314954707260e-02 5.805407713997368774e+03
9.527500472427305467e-02 5.655739841514190630e+03
9.660174799522659728e-02 5.511699946898055714e+03
9.794696670695399177e-02 5.373848454490987024e+03
9.931091813749802488e-02 5.242734355937433975e+03
1.006938631476028134e-01 5.118848228121533793e+03
1.020960662306047428e-01 5.002622600065306870e+03
1.035177955630176977e-01 4.894286311184603619e+03
1.049593230558228257e-01 4.793809716630631556e+03
1.064209244064725085e-01 4.701147202316808034e+03
1.079028791516185026e-01 4.616233633087607814e+03
1.094054707205743687e-01 4.538620723366952006e+03
1.109289864895224020e-01 4.467606475835391393e+03
1.124737178364752788e-01 4.402535508466321517e+03
1.140399601970033816e-01 4.342688441792315643e+03
1.156280131207377132e-01 4.287024797169345220e+03
1.172381803286599994e-01 4.234486071169801107e+03
1.188707697711904598e-01 4.184057138440047311e+03
1.205260936870843902e-01 4.134655948715994782e+03
1.222044686631489629e-01 4.085179027245766520e+03
1.239062156947917659e-01 4.034575969002720285e+03
1.256316602474122079e-01 3.981901786570277636e+03
1.273811323186480327e-01 3.926325289012643680e+03
1.291549665014885551e-01 3.867078671939639662e+03
1.309535020482669176e-01 3.803599579525474837e+03
1.327770829355431614e-01 3.735592943447235029e+03
1.346260579298911852e-01 3.662837517459930950e+03
1.365007806546015834e-01 3.585357063954592832e+03
1.384016096573133514e-01 3.503467731959322464e+03
1.403289084785874774e-01 3.417533308786775706e+03
1.422830457214354916e-01 3.328153191578998303e+03
1.442643951218160192e-01 3.236109747526445517e+03
1.462733356201131041e-01 3.142192995394614627e+03
1.483102514336105404e-01 3.047450817556845323e+03
1.503755321299739267e-01 2.952973679270754019e+03
1.524695727017575109e-01 2.859861686684161668e+03
1.545927736419479004e-01 2.769391225511500124e+03
1.567455410205596533e-01 2.682725993439704325e+03
1.589282865622979324e-01 2.600890612972870713e+03
1.611414277253020999e-01 2.524784093587517873e+03
1.633853877809862964e-01 2.455038184931142496e+03
1.656605958949915747e-01 2.391817899466207109e+03
1.679674872092655480e-01 2.335151941743285533e+03
1.703065029252846252e-01 2.284587838543759517e+03
1.726780903884357621e-01 2.239479954071604425e+03
1.750827031735726624e-01 2.199048755854518731e+03
1.775208011717636924e-01 2.162365888009729133e+03
1.799928506782479121e-01 2.128487875614024688e+03
1.824993244816154603e-01 2.096383146763608693e+03
1.850407019542304188e-01 2.065021587325322344e+03
1.876174691439123077e-01 2.033292861472438062e+03
1.902301188668947263e-01 2.000136636384981102e+03
1.928791508020780976e-01 1.964615540335688138e+03
1.955650715865951961e-01 1.925956213105288725e+03
1.982883949127074164e-01 1.883831432537910587e+03
2.010496416260501296e-01 1.838185342182941213e+03
2.038493398252466116e-01 1.789465097547006962e+03
2.066880249629086119e-01 1.738330306985624020e+03
2.095662399480436311e-01 1.685708814936009730e+03
2.124845352498885842e-01 1.632581103345163456e+03
2.154434690031885313e-01 1.579984136856067607e+03
2.184436071149428726e-01 1.528899519279138303e+03
2.214855233726361894e-01 1.480250744241164057e+03
2.245697995539776004e-01 1.434785261173678464e+03
2.276970255381681463e-01 1.393060535468163835e+03
2.308677994187171012e-01 1.355304842511093284e+03
2.340827276178295557e-01 1.321493973551307818e+03
2.373424250023869475e-01 1.291273066478404189e+03
2.406475150015426612e-01 1.264092332088001740e+03
2.439986297259552628e-01 1.239208390115747761e+03
2.473964100886816286e-01 1.215740312658801486e+03
2.508415059277542825e-01 1.192748002475002522e+03
2.543345761304652286e-01 1.169294177835716482e+03
2.578762887593804565e-01 1.144628206273915794e+03
2.614673211801095132e-01 1.118266021660007709e+03
2.651083601908541532e-01 1.090123500626011264e+03
2.688001021537609891e-01 1.060433845483713185e+03
2.725432531281032356e-01 1.029661004966907740e+03
2.763385290053174126e-01 9.983903633791031780e+02
2.801866556459198798e-01 9.672558276196226643e+02
2.840883690183307331e-01 9.369108723269379198e+02
2.880444153396300999e-01 9.080006253091298731e+02
2.920555512182750890e-01 8.810587477335216136e+02
2.961225437988039833e-01 8.563826171985224391e+02
3.002461709085553765e-01 8.339685989688109657e+02
3.044272212064307315e-01 8.135092650302740367e+02
3.086664943337278366e-01 7.945068252666903845e+02
3.129648010670756930e-01 7.764023291255194863e+02
3.173229634734981985e-01 7.586574642408781983e+02
3.217418150676377153e-01 7.408014776696296622e+02
3.262222009711674975e-01 7.224680930789174909e+02
3.307649780744247314e-01 7.034587562716674256e+02
3.353710152002936651e-01 6.838045282134634135e+02
3.400411932703713003e-01 6.637717706939428126e+02
3.447764054734471229e-01 6.437856196535343543e+02
3.495775574363281235e-01 6.242969978990219033e+02
3.544455673970441367e-01 6.056623057680473039e+02
3.593813663804634739e-01 5.880925622737892127e+02
3.643858983763552661e-01 5.716626352159695443e+02
3.694601205199310456e-01 5.563243739199328957e+02
3.746050032749000391e-01 5.419000858561208815e+02
3.798215306190743101e-01 5.280949613365759205e+02
3.851107002325578899e-01 5.145692992931053595e+02
3.904735236885563121e-01 5.010461496493305162e+02
3.959110266468461314e-01 4.873892741936035122e+02
4.014242490499323468e-01 4.736147235221067149e+02
4.070142453219439682e-01 4.598468470332550169e+02
4.126820845702955931e-01 4.462606847375041639e+02
4.184288507901584575e-01 4.330436973401913860e+02
4.242556430717780436e-01 4.203657510218384914e+02
4.301635758106797103e-01 4.083310206060090763e+02
4.361537789208007054e-01 3.969204623390059510e+02
4.422273980505903035e-01 3.860046096118282435e+02
4.483855948021190918e-01 3.754329850005024127e+02
4.546295469532403710e-01 3.650881584856127233e+02
4.609604486828437486e-01 3.548701183145824984e+02
4.673795107992466114e-01 3.447147150973980274e+02
4.738879609717657759e-01 3.346559461863816409e+02
4.804870439655135050e-01 3.248051700850940620e+02
4.871780218794636297e-01 3.152553951734537918e+02
4.939621743878325200e-01 3.060472744152116888e+02
5.008407989848215891e-01 2.971966406601098925e+02
5.078152112327679601e-01 2.886909059005913036e+02
5.148867450137499802e-01 2.804657898449312370e+02
5.220567527846982081e-01 2.724363045568109669e+02
5.293266058360567294e-01 2.645568076408953289e+02
5.366976945540481436e-01 2.568284414877268205e+02
5.441714286865897421e-01 2.492626363810044836e+02
5.517492376129132792e-01 2.418841780837374245e+02
5.594325706169386292e-01 2.347373218071672056e+02
5.672228971644551754e-01 2.278380955366633032e+02
5.751217071841620010e-01 2.211596088478554805e+02
5.831305113526230599e-01 2.146790966351527175e+02
5.912508413831886189e-01 2.083785409230820846e+02
5.994842503189419247e-01 2.022259814704700887e+02
6.078323128297239419e-01 1.962146137372061219e+02
6.162966255132950044e-01 1.903669835314260865e+02
6.248788072006902228e-01 1.846863391176071332e+02
6.335804992658261581e-01 1.791737767767065179e+02
6.424033659394202678e-01 1.738329162633322369e+02
6.513490946272814108e-01 1.686509660151752712e+02
6.604193962330315859e-01 1.636156660535910135e+02
6.696160054853231847e-01 1.587198505367666144e+02
6.789406812696120452e-01 1.539601910310403809e+02
6.883952069645510319e-01 1.493335184588598281e+02
6.979813907830673125e-01 1.448367068376356031e+02
7.077010661181901696e-01 1.404666742548458274e+02
7.175560918936939592e-01 1.362203837418843761e+02
7.275483529196242749e-01 1.320948440506209351e+02
7.376797602527747078e-01 1.280871103366157513e+02
7.479522515621837009e-01 1.241942847528599003e+02
7.583677914997205560e-01 1.204135169578673015e+02
7.689283720758326446e-01 1.167420045418880790e+02
7.796360130405249889e-01 1.131769933749202721e+02
7.904927622696439338e-01 1.097157778801738885e+02
8.015006961565422916e-01 1.063557012365176746e+02
8.126619200091963480e-01 1.030941555126984639e+02
8.239785684528535548e-01 9.992854492403667166e+01
8.354528058382886258e-01 9.685619561721841819e+01
8.470868266557425308e-01 9.387447367247726504e+01
8.588828559546255459e-01 9.098081649037057161e+01
8.708431497690728440e-01 8.817273093706376130e+01
8.829699955494094699e-01 8.544779153613592371e+01
8.952657125996402732e-01 8.280363870576302077e+01
9.077326525210231978e-01 8.023797704017249544e+01
9.203731996618229605e-01 7.774857363429971713e+01
9.331897715733245002e-01 7.533325645058147302e+01
9.461848194722006777e-01 7.298991272686430420e+01
9.593608287093150500e-01 7.071648742441867341e+01
9.727203192450548652e-01 6.851098171508584755e+01
9.862658461312830971e-01 6.637145150659183912e+01
1.000000000000000888e+00 6.429600600510465824e+01
1.013925407558815994e+00 6.228280635076734484e+01
1.028044732093310376e+00 6.033007274975501844e+01
1.042360673976402641e+00 5.843609249215722912e+01
1.056875971184805474e+00 5.659919995431654627e+01
1.071593399822672321e+00 5.481777270536304769e+01
1.086515774652539346e+00 5.309023054070810588e+01
1.101645949633657917e+00 5.141503453139560520e+01
1.116986818467824438e+00 4.979068608926722561e+01
1.132541315152813199e+00 4.821572604790388539e+01
1.148312414543512627e+00 4.668873375927979197e+01
1.164303132920878170e+00 4.520832620606839214e+01
1.180516528568806622e+00 4.377315712952140103e+01
1.196955702359044915e+00 4.238191617284005019e+01
1.213623798344242610e+00 4.103332803994267408e+01
1.230524004359263346e+00 3.972615166953391252e+01
1.247659552630871360e+00 3.845917942436224735e+01
1.265033720395905226e+00 3.723123624288545130e+01
1.282649830528062473e+00 3.604117626091662174e+01
1.300511252173411014e+00 3.488788126483458285e+01
1.318621401394750814e+00 3.377026388316811989e+01
1.336983741824948613e+00 3.268726711674302976e+01
1.355601785329370701e+00 3.163786355458879740e+01
1.374479092677539649e+00 3.062105460783378419e+01
1.393619274224144888e+00 2.963586976125090544e+01
1.413025990599536375e+00 2.868136584212744822e+01
1.432702953409833224e+00 2.775662630612628234e+01
1.452653925946783442e+00 2.686076053981675926e+01
1.472882723907505298e+00 2.599290317955798812e+01
1.493393216124255130e+00 2.515221344641178547e+01
1.514189325304355016e+00 2.433787449677725334e+01
1.535275028780425766e+00 2.354909278843758713e+01
1.556654359271064658e+00 2.278509746171149075e+01
1.578331405652120489e+00 2.204513975093402678e+01
1.600310313738704027e+00 2.132849269707046247e+01
1.622595287078090864e+00 2.063445050731015940e+01
1.645190587753665890e+00 1.996232767397176744e+01
1.668100537200062350e+00 1.931145842003127200e+01
1.691329517029651619e+00 1.868119617073628547e+01
1.714881969870543754e+00 1.807091303793252735e+01
1.738762400216254722e+00 1.747999931684421426e+01
1.762975375287209712e+00 1.690786299506246593e+01
1.787525525904239299e+00 1.635392927348883774e+01
1.812417547374241433e+00 1.581764009899324819e+01
1.837656200388175565e+00 1.529845370854475739e+01
1.863246311931564758e+00 1.479584418457482542e+01
1.889192776207667901e+00 1.430930102134263215e+01
1.915500555573528718e+00 1.383832870206771659e+01
1.942174681489027055e+00 1.338244628660498137e+01
1.969220255479173787e+00 1.294118697539579266e+01
1.996642450109795464e+00 1.251409739131048582e+01
2.024446509976805419e+00 1.210073739060843323e+01
2.052637752709253860e+00 1.170067993180479071e+01
2.081221569986340114e+00 1.131351071009504494e+01
2.110203428568597328e+00 1.093882779775199232e+01
2.139588871343424348e+00 1.057624129394049817e+01
2.169383518385186616e+00 1.022537298373048209e+01
2.199593068030076815e+00 9.885856006090302017e+00
2.230223297965940432e+00 9.557334530650065219e+00
2.261280066337280736e+00 9.239463443025638156e+00
2.292769312865651887e+00 8.931908038499770441e+00
2.324697059985650682e+00 8.634343723861061193e+00
2.357069413996730312e+00 8.346455727204361352e+00
2.389892566231052395e+00 8.067938815500511396e+00
2.423172794237602456e+00 7.798497019748237058e+00
2.456916462982794425e+00 7.537843367234150271e+00
2.491130026067791992e+00 7.285699619824081985e+00
2.525820026962787956e+00 7.041796022120167642e+00
2.560993100258462274e+00 6.805871055895204691e+00
2.596655972934875045e+00 6.577671200438381049e+00
2.632815465648024489e+00 6.356950699434084306e+00
2.669478494034325244e+00 6.143471334212028623e+00
2.706652070033245039e+00 5.937002203211128482e+00
2.744343303228368836e+00 5.737319507500772353e+00
2.782559402207129384e+00 5.544206342207986360e+00
2.821307675939476400e+00 5.357452493701337026e+00
2.860595535175747273e+00 5.176854242386135674e+00
2.900430493863996428e+00 5.002214170968871443e+00
2.940820170587068016e+00 4.833340978051175796e+00
2.981772290019677474e+00 4.670049296917976989e+00
3.023294684405783084e+00 4.512159519385935624e+00
3.065395295056533076e+00 4.359497602163322050e+00
3.108082173869069376e+00 4.211894840879752522e+00
3.151363484866484654e+00 4.069187784481284709e+00
3.195247505759218232e+00 3.931218099736291105e+00
3.239742629528203466e+00 3.797832417153541584e+00
3.284857366030050851e+00 3.668882181311457380e+00
3.330600343624595894e+00 3.544223505480534442e+00
3.376980310825097753e+00 3.423717030423536478e+00
3.424006137971431940e+00 3.307227787261427299e+00
3.471686818926568385e+00 3.194625064295169015e+00
3.520031472796687044e+00 3.085782277676509366e+00
3.569049345675237461e+00 2.980576845823454057e+00
3.618749812411287792e+00 2.878890067478828918e+00
3.669142378402500793e+00 2.780607003312453696e+00
3.720236681413076063e+00 2.685616360970560113e+00
3.772042493417007147e+00 2.593810383451848445e+00
3.824569722467008326e+00 2.505084732681072790e+00
3.877828414589465922e+00 2.419338374508960054e+00
3.931828755705778278e+00 2.336473495467855876e+00
3.986581073580450330e+00 2.256395406501798817e+00
4.042095839796317591e+00 2.179012446480082410e+00
4.098383671757265034e+00 2.104235888566706070e+00
4.155455334718877403e+00 2.031979849365772139e+00
4.213321743847290968e+00 1.962161200764888092e+00
4.271993966306782298e+00 1.894699484400648615e+00
4.331483223376404013e+00 1.829516828672196338e+00
4.391800892596090300e+00 1.766537868231168540e+00
4.452958509942659404e+00 1.705689665877471839e+00
4.514967772036104776e+00 1.646901636793146606e+00
4.577840538376623414e+00 1.590105475047498329e+00
4.641588833612783738e+00 1.535235082308981536e+00
4.706224849841286861e+00 1.482226498636277201e+00
4.771760948938751135e+00 1.431017831726687062e+00
4.838209664925961384e+00 1.381549190519633763e+00
4.905583706365054475e+00 1.333762628028962061e+00
4.973895958790070182e+00 1.287602080603096333e+00
5.043159487171365640e+00 1.243013308505922954e+00
5.113387538414332134e+00 1.199943838304637911e+00
5.184593543892918710e+00 1.158342907012217760e+00
5.256791122018429796e+00 1.118161407933507157e+00
5.329994080844097759e+00 1.079351838165165889e+00
5.404216420705923341e+00 1.041868247701379868e+00
5.479472336900294671e+00 1.005666190098280621e+00
5.555776222398884912e+00 9.707026746514210158e-01
5.633142670601363200e+00 9.369361200420535107e-01
5.711586478126440269e+00 9.043263094088430654e-01
5.791122647641769206e+00 8.728343468032724317e-01
5.871766390733265339e+00 8.424226146584109509e-01
5.953533130814379071e+00 8.130547258122232668e-01
6.036438506075877619e+00 7.846954850925194069e-01
6.120498372476709470e+00 7.573108587910589717e-01
6.205728806776512840e+00 7.308679376275940553e-01
6.292146109610355253e+00 7.053349005229918589e-01
6.379766808606293083e+00 6.806809795045654088e-01
6.468607661546337262e+00 6.568764257096459946e-01
6.558685659571443338e+00 6.338924764541942203e-01
6.650018030431133376e+00 6.117013233343105982e-01
6.742622241778356340e+00 5.902760813294319897e-01
6.836516004510252209e+00 5.695907588768364116e-01
6.931717276155419327e+00 5.496202288880470688e-01
7.028244264308363576e+00 5.303402006785032929e-01
7.126115430111762628e+00 5.117271927827311551e-01
7.225349491787230960e+00 4.937585066280584245e-01
7.325965428215245545e+00 4.764122008558405730e-01
7.427982482564932987e+00 4.596670647140816968e-01
7.531420165974387793e+00 4.435025952279003647e-01
7.636298261282261635e+00 4.278989755461747868e-01
7.742636826811288842e+00 4.128370525137464719e-01
7.850456200204527057e+00 3.982983149325547423e-01
7.959777002315002292e+00 3.842648725162119416e-01
8.070620141149522198e+00 3.707194355165238098e-01
8.183006815867411632e+00 3.576452950012211640e-01
8.296958520834929018e+00 3.450263037627191443e-01
8.412497049736138877e+00 3.328468578383272369e-01
8.529644499741044328e+00 3.210918786229571831e-01
8.648423275731744297e+00 3.097467955558911301e-01
8.768856094587452077e+00 2.987975293637435414e-01
8.890965989529183489e+00 2.882304758423221980e-01
9.014776314524924672e+00 2.780324901605321641e-01
9.140310748756238723e+00 2.681908714565120477e-01
9.267593301146888507e+00 2.586933469633315719e-01
9.396648314954703096e+00 2.495280588236441222e-01
9.527500472427300693e+00 2.406835509588750865e-01
9.660174799522655675e+00 2.321487557249250211e-01
9.794696670695405061e+00 2.239129809987621123e-01
9.931091813749807429e+00 2.159658976844743838e-01
1.006938631476028689e+01 2.082975276255194241e-01
1.020960662306047873e+01 2.008982319103204961e-01
1.035177955630177493e+01 1.937586995587692318e-01
1.049593230558228818e+01 1.868699365775452204e-01
1.064209244064725546e+01 1.802232553725509612e-01
1.079028791516185493e+01 1.738102645071265828e-01
1.094054707205744137e+01 1.676228587950407134e-01
1.109289864895224298e+01 1.616532097176028582e-01
1.124737178364753376e+01 1.558937561545777062e-01
1.140399601970034382e+01 1.503371952166496772e-01
1.156280131207377693e+01 1.449764729905770877e-01
1.172381803286600643e+01 1.398047768759270726e-01
1.188707697711905276e+01 1.348155276959147053e-01
1.205260936870844368e+01 1.300023718388715055e-01
1.222044686631490329e+01 1.253591736589281247e-01
1.239062156947918325e+01 1.208800081275495236e-01
1.256316602474122668e+01 1.165591537278507922e-01
1.273811323186480848e+01 1.123910855838490402e-01
1.291549665014886195e+01 1.083704688170768343e-01
1.309535020482669587e+01 1.044921521231985950e-01
1.327770829355432092e+01 1.007511615615171857e-01
1.346260579298912496e+01 9.714269455047733204e-02
1.365007806546016411e+01 9.366211406249007332e-02
1.384016096573134114e+01 9.030494301160775505e-02
1.403289084785875573e+01 8.706685882728780468e-02
1.422830457214355526e+01 8.394368798645739094e-02
1.442643951218160936e+01 8.093140064279331913e-02
1.462733356201133006e+01 7.802610627237793750e-02
1.483102514336107447e+01 7.522404902331401855e-02
1.503755321299741077e+01 7.252160312560754218e-02
1.524695727017577163e+01 6.991526845474092811e-02
1.545927736419480958e+01 6.740166624389819228e-02
1.567455410205598909e+01 6.497753493996258345e-02
1.589282865622981333e+01 6.263972619855777413e-02
1.611414277253023286e+01 6.038520101356498193e-02
1.633853877809864841e+01 5.821102597669031847e-02
1.656605958949917934e+01 5.611436966279730737e-02
1.679674872092657267e+01 5.409249913686256517e-02
1.703065029252848461e+01 5.214277657853686604e-02
1.726780903884359830e+01 5.026265602043789027e-02
1.750827031735728667e+01 4.844968019479211491e-02
1.775208011717639422e+01 4.670147738010500121e-02
1.799928506782481463e+01 4.501575841047195103e-02
1.824993244816157301e+01 4.339031401420222894e-02
1.850407019542306486e+01 4.182301208097803646e-02
1.876174691439125652e+01 4.031179500419823647e-02
1.902301188668949905e+01 3.885467711341689806e-02
1.928791508020783496e+01 3.744974219388284148e-02
1.955650715865954581e+01 3.609514109027427142e-02
1.982883949127073109e+01 3.478908939182315946e-02
2.010496416260500396e+01 3.352986519611277083e-02
2.038493398252465383e+01 3.231580694892419864e-02
2.066880249629084787e+01 3.114531135758647970e-02
2.095662399480435667e+01 3.001683137537881213e-02
2.124845352498885021e+01 2.892887425460120843e-02
2.154434690031886390e+01 2.787999966602018945e-02
2.184436071149429992e+01 2.686881787832345186e-02
2.214855233726362727e+01 2.589398790502881256e-02
2.245697995539777025e+01 2.495421582201636651e-02
2.276970255381682762e+01 2.404825324635592038e-02
2.308677994187172189e+01 2.317489575871606658e-02
2.340827276178296401e+01 2.233298137425941687e-02
2.373424250023870385e+01 2.152138906598470916e-02
2.406475150015428000e+01 2.073903733874341015e-02
2.439986297259553538e+01 1.998488285222150759e-02
2.473964100886817263e+01 1.925791909122802001e-02
2.508415059277544046e+01 1.855717508169256111e-02
2.543345761304653152e+01 1.788171415082346824e-02
2.578762887593805786e+01 1.723063272993186762e-02
2.614673211801096286e+01 1.660305919847503836e-02
2.651083601908543130e+01 1.599815276792139820e-02
2.688001021537611024e+01 1.541510240408716995e-02
2.725432531281033377e+01 1.485312577978401341e-02
2.763385290053175680e+01 1.431146819283143565e-02
2.801866556459200197e+01 1.378940163658894796e-02
2.840883690183309085e+01 1.328622392670638502e-02
2.880444153396302198e+01 1.280125779647568046e-02
2.920555512182751556e+01 1.233385002228615940e-02
2.961225437988040810e+01 1.188337057940307487e-02
3.002461709085555341e+01 1.144921182703247109e-02
3.044272212064308292e+01 1.103078772167002779e-02
3.086664943337279254e+01 1.062753305776488813e-02
3.129648010670758396e+01 1.023890273476279165e-02
3.173229634734983762e+01 9.864371049624353488e-03
3.217418150676378730e+01 9.503431013944184033e-03
3.262222009711676662e+01 9.155593694826822879e-03
3.307649780744248602e+01 8.820387578704210266e-03
3.353710152002938116e+01 8.497357957305964188e-03
3.400411932703714513e+01 8.186066327106809176e-03
3.447764054734472694e+01 7.886089770338680638e-03
3.495775574363283056e+01 7.597020443038868948e-03
3.544455673970443144e+01 7.318465068968321198e-03
3.593813663804635894e+01 7.050044424446475465e-03
3.643858983763553994e+01 6.791392841096244998e-03
3.694601205199312233e+01 6.542157726000339540e-03
3.746050032749002412e+01 6.301999098666018033e-03
3.798215306190744656e+01 6.070589144216141132e-03
3.851107002325581163e+01 5.847611782244421970e-03
3.904735236885571226e+01 5.632762250791759247e-03
3.959110266468469774e+01 5.425746704919350710e-03
4.014242490499332661e+01 5.226281829372216893e-03
4.070142453219448697e+01 5.034094464843952635e-03
4.126820845702965102e+01 4.848921247370571036e-03
4.184288507901593590e+01 4.670508260397093943e-03
4.242556430717789340e+01 4.498610686978853253e-03
4.301635758106807117e+01 4.332992447944347333e-03
4.361537789208009031e+01 4.173425934820979878e-03
4.422273980505904234e+01 4.019691723403564197e-03
4.483855948021193427e+01 3.871578281900957090e-03
4.546295469532405775e+01 3.728881689400472335e-03
4.609604486828438752e+01 3.591405364289116438e-03
4.673795107992468445e+01 3.458959802282833215e-03
4.738879609717660202e+01 3.331362323726694361e-03
4.804870439655137204e+01 3.208436829840916309e-03
4.871780218794638273e+01 3.090013567598773065e-03
4.939621743878327464e+01 2.975928902933463321e-03
5.008407989848218733e+01 2.866025101981556789e-03
5.078152112327681067e+01 2.760150120080512651e-03
5.148867450137502288e+01 2.658157398248199143e-03
5.220567527846984035e+01 2.559905666870447224e-03
5.293266058360570270e+01 2.465258749369876601e-03
5.366976945540483968e+01 2.374085369145223241e-03
5.441714286865899908e+01 2.286258991544284393e-03
5.517492376129135323e+01 2.201657657115939446e-03
5.594325706169387757e+01 2.120163817412249428e-03
5.672228971644553042e+01 2.041664176639507600e-03
5.751217071841622186e+01 1.966049538951408771e-03
5.831305113526232731e+01 1.893214661184845857e-03
5.912508413831888987e+01 1.823058110845835996e-03
5.994842503189421734e+01 1.755482129159702948e-03
6.078323128297241595e+01 1.690392499006330160e-03
6.162966255132953108e+01 1.627698417567556826e-03
6.248788072006904315e+01 1.567312373519767375e-03
6.335804992658263046e+01 1.509150028610743233e-03
6.424033659394206097e+01 1.453130103465341940e-03
6.513490946272817439e+01 1.399174267087099606e-03
6.604193962330317902e+01 1.347207000399253769e-03
6.696160054853234556e+01 1.297155477777822002e-03
6.789406812696124405e+01 1.248949521952102699e-03
6.883952069645513916e+01 1.202521513386639205e-03
6.979813907830676101e+01 1.157806297405371103e-03
7.077010661181904538e+01 1.114741094680523226e-03
7.175560918936942301e+01 1.073265414964480425e-03
7.275483529196245058e+01 1.033320973947238729e-03
7.376797602527750541e+01 9.948516131262990191e-04
7.479522515621839318e+01 9.578032225799798559e-04
7.583677914997207381e+01 9.221236665390274839e-04
7.689283720758331242e+01 8.877627116552775158e-04
7.796360130405253130e+01 8.546719578697072614e-04
7.904927622696443734e+01 8.228047717858441145e-04
8.015006961565426025e+01 7.921162224578075358e-04
8.126619200091965922e+01 7.625630206559977017e-04
8.239785684528540344e+01 7.341034898074834739e-04
8.354528058382889810e+01 7.066975064705181397e-04
8.470868266557428683e+01 6.803064073970154163e-04
8.588828559546274732e+01 6.548929350002954128e-04
8.708431497690747847e+01 6.304211867615964636e-04
8.829699955494113794e+01 6.068565664379757529e-04
8.952657125996422849e+01 5.841657370081551224e-04
9.077326525210253294e+01 5.623165752951643590e-04
9.203731996618249411e+01 5.412781282067073664e-04
9.331897715733265386e+01 5.210205705362335685e-04
9.461848194722028893e+01 5.015151642697252216e-04
9.593608287093154274e+01 4.827342193450482721e-04
9.727203192450554070e+01 4.646510558126356618e-04
9.862658461312834390e+01 4.472399673480612916e-04
1.000000000000001279e+02 4.304761860686799439e-04
