# pynbody
#
# Default cosmology power spectrum, based on WMAP7+BAO+H0 official recommended values.
#
# This is the raw output from CAMB, and can easily be replicated for a more appropriate
# cosmology for your use case.
#
# n_s = 0.96, OmB h^2=0.0226, OmC h^2= 0.112, h=0.704, ...
#
    0.71023E-04    0.42045E+03
    0.99120E-04    0.57952E+03
    0.13833E-03    0.79865E+03
    0.19306E-03    0.11004E+04
    0.26944E-03    0.15153E+04
    0.37603E-03    0.20849E+04
    0.52479E-03    0.28639E+04
    0.73240E-03    0.39235E+04
    0.10222E-02    0.53519E+04
    0.14265E-02    0.72522E+04
    0.19909E-02    0.97299E+04
    0.27785E-02    0.12865E+05
    0.38777E-02    0.16662E+05
    0.42147E-02    0.17702E+05
    0.45810E-02    0.18771E+05
    0.49791E-02    0.19862E+05
    0.54118E-02    0.20970E+05
    0.58821E-02    0.22085E+05
    0.63933E-02    0.23199E+05
    0.69489E-02    0.24299E+05
    0.75527E-02    0.25373E+05
    0.82091E-02    0.26406E+05
    0.89225E-02    0.27381E+05
    0.96979E-02    0.28280E+05
    0.10541E-01    0.29081E+05
    0.11457E-01    0.29763E+05
    0.12452E-01    0.30303E+05
    0.13535E-01    0.30675E+05
    0.14711E-01    0.30856E+05
    0.15989E-01    0.30824E+05
    0.17379E-01    0.30557E+05
    0.18889E-01    0.30041E+05
    0.20530E-01    0.29268E+05
    0.22315E-01    0.28242E+05
    0.24254E-01    0.26978E+05
    0.26362E-01    0.25508E+05
    0.28653E-01    0.23880E+05
    0.31143E-01    0.22159E+05
    0.33849E-01    0.20391E+05
    0.36791E-01    0.18676E+05
    0.39988E-01    0.17110E+05
    0.43463E-01    0.15749E+05
    0.47240E-01    0.14612E+05
    0.51346E-01    0.13684E+05
    0.55808E-01    0.12916E+05
    0.60543E-01    0.12224E+05
    0.65277E-01    0.11506E+05
    0.70012E-01    0.10693E+05
    0.74747E-01    0.98016E+04
    0.79482E-01    0.88580E+04
    0.84217E-01    0.79305E+04
    0.88952E-01    0.71043E+04
    0.93686E-01    0.64294E+04
    0.98421E-01    0.59126E+04
    0.10316E+00    0.55356E+04
    0.10789E+00    0.52686E+04
    0.11263E+00    0.50722E+04
    0.11736E+00    0.48991E+04
    0.12210E+00    0.47103E+04
    0.12683E+00    0.44869E+04
    0.13157E+00    0.42268E+04
    0.13630E+00    0.39401E+04
    0.14103E+00    0.36459E+04
    0.14577E+00    0.33662E+04
    0.15050E+00    0.31208E+04
    0.15524E+00    0.29207E+04
    0.15997E+00    0.27668E+04
    0.16471E+00    0.26520E+04
    0.16944E+00    0.25647E+04
    0.17418E+00    0.24909E+04
    0.17891E+00    0.24187E+04
    0.18365E+00    0.23388E+04
    0.18838E+00    0.22463E+04
    0.19312E+00    0.21414E+04
    0.19785E+00    0.20292E+04
    0.20259E+00    0.19167E+04
    0.20732E+00    0.18105E+04
    0.21561E+00    0.16535E+04
    0.22424E+00    0.15381E+04
    0.23321E+00    0.14535E+04
    0.24253E+00    0.13753E+04
    0.25223E+00    0.12830E+04
    0.26232E+00    0.11762E+04
    0.27281E+00    0.10725E+04
    0.28372E+00    0.98826E+03
    0.29507E+00    0.92368E+03
    0.30687E+00    0.86375E+03
    0.31915E+00    0.79806E+03
    0.33191E+00    0.73048E+03
    0.34519E+00    0.67158E+03
    0.35899E+00    0.62318E+03
    0.37335E+00    0.57762E+03
    0.38828E+00    0.53102E+03
    0.40381E+00    0.48740E+03
    0.41996E+00    0.44972E+03
    0.52447E+00    0.27979E+03
    0.65498E+00    0.17163E+03
    0.81797E+00    0.10396E+03
    0.10215E+01    0.62268E+02
    0.12757E+01    0.36921E+02
    0.15932E+01    0.21694E+02
    0.19897E+01    0.12643E+02
    0.24848E+01    0.73131E+01
    0.31031E+01    0.42015E+01
    0.38753E+01    0.23989E+01
    0.48397E+01    0.13620E+01
    0.60440E+01    0.76926E+00
    0.75481E+01    0.43242E+00
    0.94264E+01    0.24201E+00
    0.11772E+02    0.13490E+00
    0.14702E+02    0.74906E-01
    0.18360E+02    0.41447E-01
    0.22929E+02    0.22858E-01
    0.28635E+02    0.12566E-01
    0.35761E+02    0.68868E-02
    0.44660E+02    0.37629E-02
    0.55773E+02    0.20496E-02
    0.69652E+02    0.11126E-02
    0.86985E+02    0.60172E-03
    0.10863E+03    0.32393E-03
    0.13566E+03    0.17339E-03
    0.16942E+03    0.92105E-04
    0.21158E+03    0.48434E-04
    0.26424E+03    0.25129E-04
    0.32999E+03    0.12816E-04
    0.41211E+03    0.64086E-05
    0.51466E+03    0.31445E-05
    0.64274E+03    0.15240E-05
    0.80268E+03    0.73669E-06
    0.10024E+04    0.35694E-06
    0.12519E+04    0.17339E-06
    0.15634E+04    0.84653E-07
    0.19525E+04    0.41571E-07
    0.24383E+04    0.20555E-07
    0.30451E+04    0.10239E-07
    0.38029E+04    0.51402E-08
    0.47492E+04    0.26013E-08
    0.59311E+04    0.13267E-08
    0.74070E+04    0.68160E-09
    0.92502E+04    0.35239E-09
    0.11552E+05    0.18314E-09
